mysecant(@(x)230*x^4+18*x^3+9*x^2-22*x-9,0,1,15)

x =

   0.038297872340426


y =

  -9.827846746539375


x =

   0.078375671704880


y =

 -10.651635445903686


x =

  -0.439832588051123


y =

   9.493337144434914


x =

  -0.195626461741772


y =

  -4.149697354662311


x =

  -0.269904769577562


y =

  -1.539786310298471


x =

  -0.313727229275824


y =

   0.460118770983300


x =

  -0.303644982629945


y =

  -0.038733738152995


x =

  -0.304427825443047


y =

    -8.932853681429265e-04


x =

  -0.304446305719551


y =

     1.780802239892409e-06


x =

  -0.304446268951635


y =

    -8.169109833033872e-11


x =

  -0.304446268953322


y =

     0


x =

  -0.304446268953322
