>> mybisect(@(x)2*x^3+3*x-1,0,1,0.00000001)
   0.500000000000000   0.750000000000000


s =

     1

   0.250000000000000  -0.218750000000000


s =

     2

   0.375000000000000   0.230468750000000


s =

     3

   0.312500000000000  -0.001464843750000


s =

     4

   0.343750000000000   0.112487792968750


s =

     5

   0.328125000000000   0.055030822753906


s =

     6

   0.320312500000000   0.026665687561035


s =

     7

   0.316406250000000   0.012571454048157


s =

     8

   0.314453125000000   0.005546107888222


s =

     9

   0.313476562500000   0.002038838341832


s =

    10

   0.312988281250000   0.000286549562588


s =

    11

   0.312744140625000  -0.000589258939726


s =

    12

   0.312866210937500  -0.000151382660988


s =

    13

   0.312927246093750   0.000067576456331


s =

    14

   0.312896728515625  -0.000041904850775


s =

    15

   0.312911987304688   0.000012835365645


s =

    16

   0.312904357910156  -0.000014534851846


s =

    17

   0.312908172607422  -0.000000849770421


s =

    18

   0.312910079956055   0.000005992790782


s =

    19

   0.312909126281738   0.000002571508473


s =

    20

   0.312908649444580   0.000000860868599


s =

    21

   0.312908411026001   0.000000005548982


s =

    22

   0.312908291816711  -0.000000422110746


s =

    23

   0.312908351421356  -0.000000208280888


s =

    24

   0.312908381223679  -0.000000101365955


s =

    25

   0.312908396124840  -0.000000047908487


s =

    26

   0.312908403575420  -0.000000021179752


s =

    27

   0.312908407300711  -0.000000007815385


s =

    28

   0.312908409163356  -0.000000001133201


s =

    29


ans =

   0.312908410094678

>> 