x =

   0.627727632196290


y =

  -0.049309343133862


x =

   0.685392753551756


y =

  -0.019935571756971


x =

   0.724529272656032


y =

  -0.007400896781843


x =

   0.747636799485891


y =

  -0.002850485966894


x =

   0.762111905940400


y =

  -0.001084303563663


x =

   0.770998535930780


y =

    -4.146698806697380e-04


x =

   0.776501571233894


y =

    -1.582945278799652e-04


x =

   0.779899325213495


y =

    -6.047383322260735e-05


x =

   0.781999854229503


y =

    -2.309692149016218e-05


x =

   0.783297868204489


y =

    -8.822466822544506e-06


ans =

   0.783297868204489