x0 =

     2


y =

   1.583333333333333


y =

   1.454447522314558


y =

   1.442351584357819


y =

   1.442249577522446


y =

   1.442249570307409


y =

   1.442249570307408

>> 